LAB1 121 4 78 71 56 0
LAB2 135.67 4 82 50 40 0
LAB3 126 2 90 96 41 0
LAB4 110.121 5 82 78 50 0
LAB5 140 4 100 85 57 0
LAB6 110 4 85 91 57 0
LAB7 143 4 83 71 47 0
LAB8 113 4 78 92 45 0
LAB9 147.212 2 95 62 64 0
LAB10 131.34 5 69 51 36 0
LAB11 125.89 2 64 57 46 0
LAB12 139 5 80 70 40 0
LAB13 137 5 83 74 36 0
LAB14 109.87 5 77 73 38 0
LAB15 134 2 72 77 53 0
LAB16 128 5 60 80 36 0
LAB17 120 4 65 97 35 0
LAB18 149.97 3 93 86 60 0
LAB19 109 4 90 82 57 0
LAB20 136.32 3 78 64 37 0
LAB21 144 4 76 96 41 0
LAB22 149 4 60 87 50 0
LAB23 120.76 5 83 83 59 0
LAB24 147.67 3 52 53 33 0
LAB25 128.45 4 69 53 45 0
