Room1 207.234 7 80 20 0
Room2 133.234 3 41 85 0
Room3 96 7 55 112 0
Room4 225 3 93 116 0
Room5 156 5 31 106 0
Room6 232 7 147 109 0
Room8 101 5 43 72 0
Room9 198 3 58 108 0
Room10 138 7 138 48 0
Room11 109.57 2 111 39 0
Room12 234.76 2 59 67 0
Room13 161 4 137 7 0
Room14 121.34 3 70 78 0
Room15 219 2 121 53 0
Room16 186 3 32 70 0
Room17 229.65 8 118 121 0
Room18 230 6 138 38 0
Room19 188 8 71 43 0
Room20 235 8 28 131 0
Room21 95.98 8 38 60 0
Room22 205 8 99 91 0
Room23 139 5 127 43 0
Room24 247 2 55 22 0
Room25 181 2 95 86 0
Room26 97 5 87 81 0
Room27 104 3 8 16 0
Room28 124 8 52 4 0
Room29 129 8 4 143 0
Room30 158 2 141 119 0
Room31 183 8 97 23 0
Room32 114 5 78 57 0
Room33 231 3 64 111 0
Room34 148 8 72 95 0
Room35 128 3 33 139 0
Room36 99 6 131 147 0
Room37 242 2 132 8 0
Room38 166 4 106 46 0
Room39 127 3 68 19 0
Room40 131 8 3 24 0
Room41 203 5 85 139 0
Room42 215 8 125 131 0
Room43 226 8 131 51 0
Room44 169 5 118 5 0
Room46 184 3 19 63 0
Room47 193 6 120 9 0
Room48 109 7 98 40 0
Room49 220 5 52 137 0
Room50 108 2 108 81 0
Room51 237 2 30 3 0
Room52 113 7 55 31 0
Room53 133 7 135 119 0
Room54 174 7 115 50 0
Room55 102 3 82 82 0
Room56 244 5 67 44 0
Room57 147 7 136 100 0
Room58 235 2 146 98 0
Room59 115 5 80 107 0
Room60 142 6 28 9 0
Room61 113 2 50 68 0
Room62 214 3 86 136 0
Room63 122 6 65 105 0
Room64 138 6 4 33 0
Room65 113 4 20 105 0
Room66 234 3 7 31 0
Room67 112 5 94 40 0
Room68 115 8 148 74 0
Room69 174 4 130 51 0
Room70 133 8 50 65 0
Room71 192 5 11 1 0
Room72 231 6 51 71 0
Room73 99 6 142 140 0
Room74 226 3 26 48 0
Room75 125 6 8 38 0
Room76 225 3 56 72 0
Room77 181 3 49 23 0
Room78 92 4 20 108 0
Room79 201 8 133 118 0
Room80 245 4 76 51 0
Room81 195 8 33 56 0
Room82 231 5 142 130 0
Room83 242 6 128 149 0
Room84 158 3 20 14 0
Room85 138.98 3 1 33 0
Room86 174 3 88 1050 0
Room87 241.45 5 68 18 0
Room88 113 3 6 119 0
Room89 201 8 75 52 0
Room90 167 2 108 84 0
Room91 126 6 31 18 0
Room92 228.234 2 123 103 0
Room93 217 5 27 50 0
Room94 220 5 82 4 0
Room95 237 5 67 102 0
Room96 147.56 5 28 124 0
Room97 165 5 107 102 0
Room98 171 2 15 46 0
Room99 93.56 8 2 60 0
Room100 96.0034 6 26 96 0
